-74.13423661147658 45.40026909361691
-72.42470087644129 46.275580499502
-73.8224685432769 45.77320030915045
-73.55352071361766 46.28122970134325
-73.82144813894945 45.72985252331613
-73.31370598567703 45.99909139677422
-73.88734717870244 45.667896899522376
-74.06227214544671 45.71286604247497
-71.09085901369923 46.58273385488216
-74.06226328352095 45.337423314739105
-73.98665310642293 45.36510482562319
-74.14339062018345 45.42763682477858
-72.13856893563104 46.19959490565062
-74.294254895702 45.294046094548406
-73.94168303804271 45.38231880245181
-74.13194084109614 45.435106095298664
-74.15308619078772 45.40077686482674
-73.99234722857082 45.371998071469875
-74.07394909589894 45.33279364978602
-74.10526948535701 45.364495486048725
-74.15459995341202 45.40751370962933
-73.87804741659238 45.36609979068439
-74.15956178076149 45.39434203184361
-74.32440622731735 45.19975756142612
-71.84336966179407 46.29549690839677
-73.15359776580657 46.01266867075861
-74.15475233909173 45.30473442957183
-73.89987013739218 45.350595825704055
-73.98568936677216 45.376403371086056
-74.134939978741 45.341088099438146
-71.57870918270574 45.944616799796435
-71.56201255982617 45.95393901910196
-74.14369974188271 45.45444158709285
-74.29295994857239 45.17116762722905
-74.21697798303447 45.35467711480806
-72.26383731047954 46.39936666556147
-73.93866339296888 45.39130842658057
-74.01315826029474 45.43498594778113
-74.0333676050485 45.42529146913961
-74.36252164952673 45.492975684243255
-72.38111888554175 46.30647588536698
-71.70955780997296 46.27421604596849
-71.73569683120635 46.25464078964624
-74.16231493977712 45.38796107531989
-74.15812422597587 45.40903282583102
-74.15992567005573 45.402503694162725
-74.14949744753117 45.40363679620937
-74.1172130411689 45.39873921804448
-74.10665641905807 45.38474716849297
-73.12444339935048 46.01353391503845
-74.10160712345092 45.387387600798796
-74.12065855531193 45.39724059649516
-74.06363250280589 45.32457584900808
-73.49964966966365 45.551508500781125
-71.56575475692662 45.95512665148955
-74.34454142690726 45.439776982836776
-74.14684866547599 45.40535881450593
-73.1483504567698 45.98615005268842
-74.15272227791512 45.41143863389382
-74.19606700188253 45.260715759238586
-74.26623471459348 45.464010555478765
-71.95157407067462 46.224441341184836
-71.90437233957832 46.23608873126246
-74.12330206668975 45.378100447127146
-74.1753032347256 45.40326646745075
-74.2643710365756 45.44050065149885
-74.17352372276943 45.389071936292126
-74.24589279180836 45.33835967516672
-71.87422848131824 46.174421684182434
-73.7310840631941 45.37321356359937
-74.14515685409206 45.425271982966045
-74.15945614059177 45.40478773550723
-74.29002581157475 45.288906720052005
-74.14569999719826 45.412255874227746
-73.21696599381069 45.72501332791198
-71.66096500735974 45.908644914612466
-74.35114866653582 45.1388868146664
-74.13454204327985 45.2430665205754
-74.15802471469422 45.378568665017646
-74.23593535212817 45.27425835033124
-74.11510852280617 45.396057764442055
-73.74371880516262 45.338962348629806
-72.03474220563456 45.792053052878806
-72.13612906721177 46.106751659381004
-71.57894201485671 45.962379314540264
-74.16935361371078 45.43035286748692
-74.1501363728764 45.409010339362425
-74.34293930896524 45.23045506511584
-71.56197641573054 46.2600704480978
-74.40709664721533 45.36239984213536
-74.19137580745772 45.288023675650464
-74.30056480807478 45.42379334654105
-74.17741108976678 45.420688186081364
-74.14145218559662 45.41655015037
-72.17333864329152 45.577349915114375
-74.14937298149803 45.41657409564023
-71.53175113663096 46.294209085507255
-71.43290170419378 46.31139711092959
-73.76360222246498 45.35484483254328
-72.31477579512841 46.29672328288126
-74.12584190571009 45.43998683819894
-71.55818519085261 46.344959188126474
-71.51018367626045 46.316541393861776
-74.26160858533645 45.3242440957054
-74.13662232118183 45.42601692751767
-72.29662182034482 45.60384699509784
-73.45363950079071 45.51054740155315
-74.34634832214047 45.236840757800785
-74.1530017047075 45.40255651500006
-73.16287196279946 45.99678427878966
-74.16101994170153 45.393121448831266
-74.1632615199337 45.391957759195314
-74.1624076124977 45.39393287260648
-74.15414904632986 45.43153554651036
-74.16215357794101 45.43289272777906
-74.15873258599815 45.4286913825019
-74.16407012144467 45.42720801617349
-74.1533079427948 45.42781144366589
-74.1577434933815 45.43015581372735
-74.16241137684587 45.431615579180544
-74.34490515112725 45.15327879039875
-74.15223593154336 45.4152162679392
-72.70361456256745 45.63740235914973
-74.23372377643025 45.25284283200059
-74.16245260445082 45.42928722593761
-74.09084125289063 45.38567093342241
-69.80179178505985 47.530426384965445
-74.16025480826188 45.37981197789018
-74.13122953272749 45.42517520200606
-74.2132773183804 45.37965957535383
-74.16692835637869 45.433348096032184
-74.3384721121365 45.21182413784898
-74.17003213821154 45.34675547665983
-71.62658430037229 46.06434359213475
-74.13836043744267 45.4050913145655
-72.15286361845176 46.351102235842546
-74.13744742947041 45.45686609752662
-73.14256393458743 46.02299678913927
-74.15216815581529 45.401543358639834
-74.1421560189841 45.45757741224804
-71.96361721718047 46.25470096427017
-71.58527086001261 45.96557621649069
-72.09600058318438 46.21159460663407
-73.06618095397833 45.09594057638436
-74.3377507810369 45.46002352367511
-74.17143832813076 45.458996399201226
-74.1663637220886 45.398700986184956
-73.97115755895835 45.38697063463806
-74.11269097495827 45.392425422297976
-74.22327789557818 45.67345316427801
-73.94097627318838 45.669048710957
-73.32279603162196 45.840006889519245
-73.40436256388257 45.872444012038855
-73.90650408373756 45.67982757846391
-73.96196502241419 45.49960602623863
-73.90307175333382 45.78193550239284
-74.04710259911634 45.67393879996143
-73.81193431040549 45.662473399537134
-73.46821141492221 45.72696867339461
-73.81264587319838 45.710503963248975
-74.01923781502376 45.49667387121129
-73.87007350002662 45.65087191962136
-73.4420854193404 45.992537733674
-73.67589585274175 45.71046330989583
-73.44180346751095 46.040865329185564
-73.92403306794515 45.7051315919543
-73.38448305786467 46.29042194065848
-74.05162951269112 45.58128662878344
-73.62693025645733 45.72954377196261
-73.90608558476197 45.69870116436416
-74.11950722897588 45.72129455433177
-73.6195451751291 45.80126816547943
-73.6553848887762 45.73409837813214
-73.47040425115188 45.74131948353904
-73.85761162738999 45.65350878551977
-73.42990230768613 46.00026787509075
-73.43701255886654 45.92291915498483
-73.71591767949619 45.76724510538927
-73.6686587712123 45.73098816832169
-73.42572652916061 46.00136331030636
-73.35505998210151 46.14538121349886
-73.47534183229195 45.72177482061479
-73.9431106385484 45.82805918747643
-73.8715957154859 45.69387790588713
-73.81349475394143 45.70378809819205
-73.47063071566951 46.0468517279549
-73.51563280537474 46.085199332234986
-73.74723297850598 45.735147886216446
-73.90938824007348 45.6861781160054
-73.86294130184271 45.66112721991088
-74.24701697336383 45.531384570779124
-73.80831266667055 45.82966350911558
-73.66438942819795 45.710738277263
-74.25357888368517 45.5342636649674
-74.10915453959535 45.75635776150117
-73.87501801145532 45.67040455789642
-73.42592287281981 45.89437227978247
-73.95362292484255 45.51364349001155
-73.79949394871967 45.77174813861441
-73.93273518755498 45.70050633659357
-74.01795242048695 45.890374081414585
-73.79589845855487 45.64111982628137
-73.50252096220558 46.07897875560886
-73.66283601039267 45.99504147552785
-74.17835494212464 45.876170970430316
-74.07080036258985 45.637196917241766
-74.03942421315053 45.79813909962008
-73.5935206341088 45.758035364531096
-74.04576024187939 45.77285053149225
-73.45538787030509 45.7506927786634
-73.42438104872302 46.05342663546639
-73.49518254825176 46.07400460359768
-73.689944012237 45.72757492451452
-73.68419648726203 45.8497746204392
-73.51944140414903 45.90234460679376
-73.4632903878744 45.74563253521572
-73.47822872658531 45.731039298219784
-73.97584195516242 45.81072081396554
-73.73520768604816 45.86076799154402
-73.98752237139105 45.78720116646654
-74.04165527325934 45.884270300967444
-73.90782268131971 45.53739396808558
-73.27464868868655 45.94016699279323
-73.55640467605143 45.95669278891257
-73.56497279371939 45.94588949173786
-73.42174718080095 45.95669234613303
-73.565361492107 45.94691775031355
-73.58002415897285 45.95391506501528
-74.09511059677251 45.49527364620638
-73.4192223126605 45.771188451315616
-73.50797453039483 46.04124086282347
-74.14231932131437 45.52792769404174
-73.71664889091987 45.77350869779976
-73.64033829446136 46.17579875275731
-73.8131464141863 45.82962225622885
-73.42194882797966 46.0488510316396
-73.4422668353868 46.05084211876307
-74.0976100812986 45.57228576702676
-73.979368704503 45.79680000397641
-73.82906975121905 45.89556752476687
-74.08865163831919 45.76424474670167
-73.88313822272809 45.67695959986926
-73.86912930030073 45.54518648665852
-73.51954584440914 45.86338986065085
-73.98224730521476 45.90811219458876
-73.90603583185263 45.68702258679832
-73.4326778967689 46.04688842522378
-73.34384247205129 45.92165085171548
-73.46488263805318 46.053761075204385
-73.7146628072841 45.98258750844582
-73.8922394889345 45.67778646534542
-74.06499192678518 45.88399219841146
-74.16569783420127 45.60852492830022
-73.45231232601037 46.06300790285271
-73.39201211398748 46.05883844741335
-73.70063477826214 46.03629208348177
-73.98872637215115 45.779932841822905
-73.4408529592008 46.270649277696045
-73.47113271554048 46.06108034249711
-73.4203157315203 46.055117356073396
-73.56457599636808 45.948962806683205
-73.439637927613 46.039896084951735
-73.47187784833777 45.72092506611854
-73.68623807097943 46.07456560450389
-73.99692377962832 45.8586983557935
-73.9681589823381 45.775084637948524
-73.77892336501523 45.5556665154635
-73.59416416174766 46.01981067222585
-73.62740377965395 45.897691238201745
-73.920112417415 45.7020194041553
-73.72872180364072 46.10790543641619
-73.68858444209306 45.58921766867374
-74.09668508623662 45.818919423879194
-73.43312587558903 46.03412872485244
-73.42411188076109 45.840174901089085
-73.4208108244811 46.02845039780013
-73.7742860134727 45.529161037054834
-73.49230496422808 46.069054591308785
-73.97597100732766 45.90456205379182
-74.22852976959906 45.874406645769895
-73.4835953851384 46.05296514560038
-73.35290459452116 46.021979182777585
-73.91729936217999 45.70434424754039
-74.25490157320176 45.61754115355296
-73.50048054677802 46.073385117996644
-73.67419574815995 45.59997275003224
-74.00669726528992 45.76677202312377
-73.97921330130718 45.768839787599994
-73.48850302458534 46.05217203662469
-73.77857648621789 45.58560643650251
-74.03608714711238 45.80671815555003
-73.9083230949853 45.683181938274686
-74.4090244171383 45.85693277924587
-74.00500576270785 45.80616964644732
-73.98932277689599 45.6324514788563
-73.73918701995314 45.94974885435473
-74.0005774512577 45.628199817132206
-73.4588826747735 46.052981943000546
-73.97312232412939 45.82564606584719
-73.99568752715659 45.78413196148496
-73.69238528271991 45.98917198415877
-73.75470275090139 45.96778510795158
-73.63892464063008 45.95159487487731
-74.10912048471812 45.86033322704433
-73.44876745994861 46.04179966909213
-73.81812577369483 45.521089089944724
-74.00481726420705 45.88026658541936
-74.2514802291497 45.744303132768664
-74.07761189957539 45.83964501760574
-74.05573682469131 45.81022869869146
-73.7050534854534 46.21142384720289
-73.90195084289914 45.70390814736426
-73.99090702280525 45.62951215024153
-73.45280379213443 45.82729904550669
-74.04333949043398 45.806751005374245
-73.91087344036433 45.70521038019667
-74.10917120160337 45.80323708170544
-74.03486779302355 45.79784463581742
-73.77261670579877 45.678167417940344
-73.19330786053595 46.086222326076076
-73.99725676256513 45.8309008730848
-74.00308462948442 45.79097173274666
-74.07464832756418 45.81013932034561
-73.81816434103214 45.524742474204054
-73.99903111585367 45.81326741905482
-74.00144913267266 45.812043535886886
-73.96892632036284 45.86482249465876
-74.01244512629586 45.766576567220724
-73.91494750915082 45.67004594823255
-73.53399710041094 45.808856133284735
-73.81954032340855 45.52515913821521
-73.87729921480764 45.57869709132489
-73.90508681484842 45.54419169185942
-73.92816992335355 46.00650938874903
-73.86460329490559 45.528156247247914
-73.72722442226875 46.00437649998676
-73.51107575360136 46.13762771287277
-74.05169163484518 45.808568960711334
-73.80128388272273 45.8334508798678
-73.85335834562238 45.612936720500116
-73.49629475192111 46.070302672525266
-73.27474104545274 45.98671529508283
-73.72738691539072 45.770583517753074
-73.69027026707172 45.57661235158885
-74.0516042849317 45.81201709306739
-73.47046041648727 45.74029718006908
-73.7385659039477 45.60227674824258
-73.7893381027494 45.59114170518849
-73.42557617948025 45.83879802694303
-73.68949981355381 45.914243059715155
-73.6631018213423 45.926839141477764
-73.92228025065783 45.97471997425868
-73.92832182216861 45.96811515368282
-73.18624710906542 46.015908710683746
-74.11406856565745 45.796546352463146
-73.76399833707528 45.62685574050095
-74.04724684999876 45.78502410848723
-74.03750807223862 45.78553015129854
-73.98380559914827 45.76750283523087
-73.46870760652399 46.05167006657858
-73.82053932636863 45.7168610301508
-73.47906040641467 46.05439406237571
-73.45090633279207 46.043374348137725
-73.50016741063092 46.19369690080848
-74.04624513776878 46.08188142555479
-73.36739328739776 45.93581445789255
-73.71458004560674 45.75763632305464
-73.38301169075125 46.29506527377284
-73.79937533249458 46.01801843646707
-73.66099098809515 45.70246877727954
-73.78018285948181 45.61458524018825
-73.80898635812207 45.82009031180992
-73.67790609465838 45.60294649708911
-73.90114027978603 45.70256648958065
-73.46371244631258 45.75135406460495
-74.09713624153464 45.7612571511019
-74.09768051849677 45.76208098142393
-73.8218472503386 45.69377786358882
-73.44524865140035 46.16505062271104
-73.42663021170114 46.03955357251262
-73.45552719402309 45.75307748703689
-74.1144430618128 45.477508818050524
-73.71365874811791 46.05371879700789
-74.07384246219083 45.47293803387072
-74.04886321656461 45.485428707421114
-73.8759306057924 45.54434279375753
-73.43752894219504 46.16468533294373
-74.05294656463369 45.486523825649556
-73.45142068134193 45.77677469838489
-73.43113995567134 46.05206702573708
-73.64118492234635 45.90103409665498
-73.64010943707112 45.89858044566271
-73.42514502695282 46.10141624153868
-73.77025537846949 45.90331256221396
-73.45529084665732 45.75873506429709
-73.68120788695013 45.571348238231856
-73.77604620527755 45.61619604838998
-73.48848721719725 46.099964322500384
-73.43381347706294 45.85511887309412
-73.91346842489926 45.55674618758333
-73.59096579579419 45.74179553285321
-73.63985544509947 45.7012871799234
-73.48902611457474 45.88011923774707
-73.45272679655407 45.76381735557026
-73.5941965402455 45.85718210267779
-73.59137251238968 45.848550862054054
-73.72605949593245 45.93565325943233
-73.6396805848648 45.68548444939486
-73.7676321760821 45.789702849264984
-73.67178280013258 45.71631749497335
-73.97909959134097 45.62850236593548
-73.97200683972406 45.76036737885701
-74.01676016934043 45.776040439047236
-73.664007101627 45.59809992417627
-73.41658189798848 45.98831465003621
-74.01695983675188 45.78270092212342
-73.48280098785523 46.0516493278612
-73.67387315369552 46.1446708217258
-73.69229216097561 46.14234920555987
-73.44832402068444 46.043677616587146
-74.00796446791898 45.6320301640381
-73.98200752053384 45.7606128308552
-73.48737082475738 46.06469222365279
-73.31468909913201 45.915505195082794
-74.01238654443695 45.7763859321486
-73.41852364369184 46.089549580000934
-73.66317388129148 45.58623316708286
-73.9959116922281 45.766188511466495
-74.01105979057782 45.77996201032533
-73.66467047144769 45.58447666903921
-73.55461555058547 45.84616265430495
-73.75094338616498 45.65649648343711
-73.4736648990681 46.0544648871993
-73.81334024238168 45.62290401013754
-74.0581225459671 45.74472569621096
-73.79102827054206 45.58438993268318
-73.6828621505476 45.72225399559464
-74.12235184711133 45.77020210453449
-73.62679328989128 45.92657746236053
-73.993782758464 45.767188901703186
-74.01338880870851 45.79169136349387
-74.13939302923183 45.84918175973688
-73.66181785715375 45.58991179272084
-73.59886750909058 45.859107050686276
-74.06754263911441 45.92844648442565
-73.34722334692312 46.097856527722726
-74.00673444481227 45.78057930725098
-73.8724346476786 45.68155760485645
-74.0036917342436 45.86623079575119
-73.75587660544316 45.82432709658291
-73.77305546659157 45.61810498836607
-74.03341192383984 45.75377359712444
-73.74498726997636 45.62535470631866
-73.26243429309444 46.093346967473686
-74.10770896845538 45.75838082413246
-74.03673394310731 45.641730916376055
-73.74782820806467 45.81158636810328
-73.66131869409097 45.89686967357324
-73.6649254906066 45.584213721751894
-73.65615314209452 45.59956836043979
-73.70306460560886 45.77446233470828
-73.61362807226938 45.74675551647045
-73.2539385922819 46.08620685017262
-73.74094283805144 45.843491592061234
-73.86632650807891 45.55157721469622
-73.75426837749377 45.82920026391267
-73.71025959301748 46.0444392636046
-73.86899531816366 45.67490081086719
-74.71204043041391 46.05975854673338
-73.43220025261631 45.81581104477118
-73.90458239167137 45.55770716485758
-73.75606675961123 45.81730326197073
-73.33352373136907 46.09676915150236
-73.88200583225697 45.56527497973387
-74.01350941869924 45.776226481534415
-73.7885192319972 45.70103054576621
-73.8885560318713 45.53663948678714
-73.8024245952914 46.08879611665742
-73.80369522428418 45.75201937041043
-74.19789643827339 45.54222510461989
-73.7729690565647 45.65841035603915
-73.66513828169953 45.599286704681376
-73.89660011397493 45.54671852655155
-73.25154395176529 46.09599980697689
-73.92464091875648 45.53373978142897
-73.87064392568568 45.663427503489764
-73.62448372370461 45.87999799576732
-73.71667087351105 45.99819760293331
-74.0894209487477 45.463195789311804
-73.9066145836994 45.55314043269069
-74.2925399742173 45.87598053124276
-73.73926342992891 45.924707451981995
-73.38354215533204 46.01528257783883
-73.73445136878615 46.05457558692477
-73.97925795364343 45.777360677344454
-73.71154989938128 45.87603700703835
-74.09958600329247 45.80643178452782
-73.78820093088794 45.89465937399328
-73.41560971560668 46.09929185301587
-73.75819360554529 45.815767890271935
-73.99541858655391 45.7934069454043
-73.82766095615443 45.82817222023853
-73.30245230183529 46.396211468966555
-74.04839175433652 45.741292282041336
-74.682602361846 46.251439770187346
-73.89776259698435 45.68839393856373
-73.89347629206983 45.69108011991205
-73.86744670654073 45.591772133971595
-74.2445974451212 46.335812105841654
-73.90772970781964 45.55312533727427
-73.79985812388584 46.0400030930459
-72.92579504108514 46.25622805134024
-73.75669022096082 45.81541153493562
-73.43617533023782 46.05721217762529
-74.11909115816088 45.7036240487376
-74.15853182838867 45.70826804712863
-73.86634048006786 45.67763056006672
-73.89710907348122 45.54787359190309
-74.09104342398895 45.46054096065576
-73.84214910572258 45.94531311740288
-73.99339494798626 45.87375210678479
-73.98004590426764 45.75853496796237
-73.97689007483135 45.75685517508305
-73.99498724879645 45.876087714187626
-73.38705453657201 45.969418910303474
-73.83257838081022 45.657196383653584
-73.97152150922236 45.77461272571412
-73.72819426185002 46.052996365088475
-73.96021036595664 45.76724300145579
-73.58340457603886 45.98665791206326
-73.53862217705267 45.99842092077091
-73.86679780944061 45.575755343649135
-73.67212626065874 45.71819337203251
-73.7715441759983 45.88576864955447
-73.38708230183798 46.023137212441895
-73.69115596004983 45.730601247812174
-73.97334135517362 45.75977006924972
-73.91434385200711 45.703430226197625
-74.32965805214232 45.560996257166025
-73.40010164434854 45.84476510769739
-73.63189953368224 45.74796526930793
-73.85851702440675 45.644625558541186
-73.65156592311642 45.748838814096075
-73.64412902471562 45.78283080008454
-73.74838509194133 45.82871101503822
-73.95198878797713 45.70936349304146
-73.88852529819202 45.87790295784728
-73.64907369476575 45.73799313023837
-73.58841624239884 45.85983408050626
-74.24439856032345 45.53062581038608
-74.29359491422316 45.52440616618978
-73.7924397531301 45.584036220632754
-73.47209407804712 45.958059937331726
-73.90053688586819 45.536156988169246
-73.81138121967926 45.82963345150841
-73.82319388903434 45.762887877695114
-73.59930412712707 45.744031416953725
-73.89276984126697 45.566629446749
-73.66273021346537 45.598119254878945
-74.23891928558977 46.145045800312936
-73.8951530861042 45.569577443837865
-73.64637869154308 45.739602841996096
-73.68228006797808 45.71601073847823
-73.7736168094104 45.62038368565379
-73.80591945509764 45.765362331940636
-73.87259125390592 45.675116768061756
-73.64595607151368 45.72817453354667
-73.81427468491557 45.76641388404512
-73.90136956408409 45.542448451039235
-73.74261281261877 45.73432637624853
-73.8165800037056 45.754946491865915
-73.64153123222748 45.73629342266677
-73.975497197455 45.77065034592819
-73.90613871840485 45.55792330782317
-73.98010037663977 45.778977172097775
-73.80318192523666 45.76732294404431
-74.10736818747093 45.697537569654564
-72.92813886307336 46.24011856613893
-73.67084007916165 45.733028701626694
-73.7619175815461 45.79096937721645
-73.98557628762661 45.77561304254197
-73.65810561689509 45.71273428360971
-73.38630188099394 45.94008670925207
-74.61593179320319 46.17644509238773
-73.66740530576182 45.71627784147363
-74.07918923777223 45.71856644326816
-73.81869661395606 45.52064243013099
-73.4165346953573 46.09343046204674
-73.42026970901345 45.84324890962367
-74.06823211018579 45.52310210180671
-73.84967467078741 45.652229436679846
-74.312464983755 45.63097934317437
-72.59795767127979 46.34125017847506
-73.66289029697086 45.71896083697149
-73.44619438955785 45.9978815172987
-73.65908190669724 45.75257697739724
-75.88084386513842 45.943319329497065
-73.61018904255906 45.75294700390686
-73.45399791248269 45.76287186983028
-74.10115537680058 45.69716374352213
-73.6799431923839 45.74962048306889
-73.44268194512568 45.99545166867868
-73.65763764983433 45.75624828273615
-71.08878040078667 46.511380711205796
-71.65881421012544 46.718765789925506
-73.80825334144446 45.65124208622007
-73.99007805844937 45.76877251184688
-73.86889424373584 45.65642570731422
-73.67038701324257 45.746139188329835
-72.9270914091159 46.23637377690863
-73.95475080477837 45.83216863261575
-73.85888926821629 45.524333043037714
-73.85996335026779 45.52449249287325
-73.66434068077936 45.58495256532063
-73.94056893427812 45.69446242693938
-73.88705851857279 45.56531773675902
-73.38716666581176 45.98731051087416
-73.5989958222405 45.86004115546537
-73.51710531104449 45.98905958336448
-72.6152241320654 46.35279467237748
-73.65937845219419 45.73077546327655
-73.97974802593545 45.56070732358787
-73.87645967749808 45.95317407542643
-73.65279293507527 45.737438383469744
-73.81280080462538 45.76792840665933
-73.6337787080021 45.75532483187717
-73.42191616256817 46.09994666014275
-73.64370177417848 45.715734142862004
-73.6618105304366 45.71655881807294
-73.89150237479102 45.54628306153805
-73.88226514948337 45.69987027433978
-73.42576821559877 46.147457358673414
-72.56552395783686 46.42323762118194
-73.68087737100261 45.73298621605616
-73.89000736903965 45.6811061437465
-73.75426808036292 45.83658825771564
-73.86652430519041 45.66981479981926
-73.67044079786285 45.74217126805128
-73.66181895147871 45.7380786029618
-73.9546646615777 45.687979650032624
-73.94781326700286 45.64804833368616
-72.47013854070777 46.45705497371435
-74.01657478502523 45.77046353572161
-73.87698426884258 45.66145243334436
-73.66402374602532 45.728093834779784
-72.63906750611395 46.40493376241202
-73.89405176698156 45.549529855427565
-74.08255529687841 45.722655095213014
-74.03809976448933 45.642953354758404
-73.98900284308911 45.774557856298415
-73.42513525487684 45.84234466315055
-73.8799722803303 45.85037803063339
-73.87370724247133 45.84814649261355
-73.72456128613453 45.78426613048815
-73.85249620326755 45.65840839987024
-73.66795547622662 45.58332552093943
-73.6680864010232 45.58217706306734
-73.64912203893476 45.70147380922957
-71.012854509363 46.52192504539876
-73.76227439488848 45.63571013314953
-73.92105173680255 45.81019174786814
-74.00164079394686 45.85161056387766
-73.89118124292334 45.91397922767164
-73.87987739251729 45.56894494787981
-73.81178032073123 45.82667476894595
-72.61156258961321 46.33004121105886
-73.28067725023473 46.188592477751854
-73.44304405685611 46.04929496274724
-73.87834431152021 45.66644775556131
-73.76039746701207 45.82349011885808
-74.04739336733361 45.73985226073112
-73.89236385391624 45.68424338137044
-73.98764796604992 45.76063905484397
-74.01292755449691 45.78633684581139
-73.94891865597255 45.82818874249001
-73.94985975133665 45.82609853325658
-74.14197351345541 45.73794133038001
-74.14752074637458 45.725745598418754
-73.66126519698352 45.600814918380486
-73.87369953283378 45.567785334757225
-73.6080666113352 45.75928967754141
-73.42450957407132 46.0484097612607
-71.23282360655477 46.47935918077872
-73.66457600852362 45.76603663664569
-71.11718759063076 46.42693665666161
-73.82120834755196 45.752665513748504
-73.7175454265877 45.81438957718575
-73.61377967616465 45.75894289764751
-73.98346959302998 45.78014836356038
-71.5688469444909 46.6645021085458
-73.98548191128523 45.776366080470005
-72.42856951591267 46.55191887392573
-70.50128672501324 46.49916468836606
-72.59317110455846 46.35753504004857
-72.98705932595323 46.43045291024404
-71.34803296210013 46.802755898767636
-71.05808801661517 46.282994591510956
-72.61080686955916 46.36654234843695
-71.35213878200778 46.3506638402888
-72.61393728218471 46.36853950199606
-72.66946295738563 46.285792189608124
-71.26208524845407 46.88022035081937
-71.81381420392503 46.642714940432484
-72.6075463089615 46.413591591589714
-71.14626525071152 46.90251352455624
-73.09652311581421 46.315926577370796
-71.18790195236993 46.468329766801
-71.27701429991016 46.722611466558796
-70.86029667620642 45.88232410799085
-71.56364442689492 46.76846496707202
-70.87293762670978 46.6255107069867
-71.15009815693931 46.76078355575055
-71.60272886653534 46.65339022577703
-71.17791941554623 46.78702547648277
-72.99301561845628 46.4165613521218
-71.27983892250197 46.76578751826556
-71.25881311574553 46.8715795712278
-72.12369962848798 46.39071292675115
-72.54613434459081 46.39932299112893
-71.1842025260758 46.800670336901916
-71.30271990219111 46.766155784842354
-71.35507977903687 46.3912603008367
-70.79564623581115 46.63217116120621
-72.87272523431587 46.399896184441936
-72.61057081189516 46.33486205421607
-71.36933248821866 46.80084074983558
-72.58655697241842 46.36351832919366
-71.11748929930611 46.116400107378674
-71.31454199234028 46.75905826147527
-72.57716753867693 46.30841747270121
-71.38250832106999 46.7486922426003
-70.9403421991209 45.964471453891406
-73.12391604918898 46.36411725067155
-71.12117616401845 46.817795129080785
-70.35894231140398 46.4012146839333
-69.79115040084118 46.969526639386274
-71.11774108832859 46.9071116029318
-72.58853159704539 46.33843838888319
-70.78472431370943 46.52717037485699
-71.22731595094592 46.82249940501282
-71.39873557559172 46.10653817757548
-71.37210753530164 46.81865836803064
-71.305639406317 46.85020936794347
-72.58682576896254 46.347275278429166
-71.34368759078562 46.82747722498524
-70.8700658273319 46.59965683081211
-71.38906571650828 46.32861239980318
-72.62222863954958 46.356652544557264
-72.6474188659037 46.38488346943627
-71.42887924571592 46.56547832343937
-73.19914915719062 46.24885545470369
-73.17817153363504 46.21363116900454
-71.48072922532253 46.353942196682326
-72.0974868080832 46.41346174657199
-71.11422206904037 46.519869880916055
-72.01020965415645 46.42807418788133
-71.94862711915748 46.47335891764956
-71.97820190083173 46.408242365661174
-71.35112635110079 46.711818080738055
-71.35030277303788 46.71668515261007
-70.6782087461724 46.14237946896763
-71.8341535293394 46.57154160678138
-73.02280127451357 46.32336212449714
-70.49578635469655 46.146592113900155
-72.54758413258385 46.36982588204712
-71.96316022486059 46.60488746777191
-71.07880066405168 46.50161781745002
-71.35263363283902 46.80747075501554
-72.5585837731667 46.369713741012475
-71.40903375469638 46.38137595673499
-73.16599316141588 46.27338007111554
-72.59641523617132 46.51455295718786
-72.63218998652381 46.464420545680966
-71.2481291565616 46.79141161316873
-71.70991822724844 46.69004530663379
-72.59938961783395 46.35016887017786
-71.26077328162323 46.409953350277505
-71.02805086407515 46.86264893527308
-72.62519818073288 46.339262781729765
-72.92648148365004 46.46603765956556
-71.38989188813802 46.842157153528966
-71.17322718815342 46.56989080095113
-71.31965873177847 46.8273048537924
-70.28406723500268 46.23707879919562
-71.46051553739437 46.93338895242982
-71.32334446731987 46.82750872310846
-73.1318522932092 46.336386261349546
-71.3840179872119 46.84781528258997
-71.67382985012507 46.365917863938996
-71.35900282012064 46.58611999769658
-71.22007463655193 46.52253580531108
-72.79304109710385 46.58641257982514
-73.92417954254702 45.41259132377521
-71.21294470689871 46.40945894732389
-70.96168731717617 46.623270093755195
-71.81002179483139 46.34597481828771
-72.00976678493255 46.649605751283225
-71.88784857472827 46.59839547606766
-71.14095778889669 46.5426771945472
-73.1706944111013 46.22560747344345
-72.6154887216861 46.36006144766688
-71.18560571637104 46.468705385316596
-73.11011291079546 46.3324822917167
-72.6244817175513 46.37817049547974
-73.08148437826641 46.32106217009984
-71.06120826110158 46.64861875723703
-71.70695408728821 46.442300760824786
-72.66337772335801 46.324222091364064
-73.71146245885762 45.44247514718124
-71.21704374361344 46.43351439243586
-71.80641738840441 46.426662704668495
-72.5799130414498 46.400081346426404
-72.75430010883653 46.550157486719435
-72.54545602417916 46.39204559318624
-72.56976133646313 46.37460960886339
-72.60891084655849 46.3633049345252
-72.91068429119358 46.478491949325594
-72.02639269253856 46.35771817891731
-73.19729629101407 46.46132458098641
-72.54902040391168 46.39146524720551
-71.31384651217796 46.754916274703284
-71.07438932666182 46.491836363413015
-73.82436951503445 45.444067506944734
-73.88151292395806 45.48079111618325
-73.86676191839122 45.49198112592884
-72.84829617856981 46.59586148461172
-71.15638550139647 46.89915390141946
-71.31300037634303 46.762139783514925
-71.12004963856387 46.85104714155751
-72.545946687716 46.39726287757729
-72.90608108536965 46.515065412031475
-73.83544542280153 45.50065677995041
-71.25337860599484 46.84018450103297
-69.74899275014415 47.00173300428408
-71.5952231529608 46.51042609070253
-69.74342025803297 47.00504783991606
-71.61841830873561 46.541624477445275
-73.61595428692277 45.47599496632771
-72.61019532469813 46.35645621146368
-72.48061306216668 46.55829293793038
-71.39512573443562 46.75140549181491
-72.90785388329995 46.49224401432243
-73.09121861972787 46.384163038672675
-71.26236654702019 46.149022523619344
-71.18596733656695 46.87571833131577
-71.16142032870289 46.88785745029661
-72.50970922868254 46.378036681320275
-72.61909660867916 46.38011301464933
-71.63265653130726 46.38817774017466
-72.75951069821186 46.569545097746605
-71.02028378718026 46.971651036838175
-70.98410725106969 46.63419004145711
-71.18329913508582 46.874463278395595
-72.89491642844757 47.21776291247581
-72.88394877978567 46.93856282569183
-71.87757118246289 46.40138789496576
-71.1815764954812 46.50866059648244
-71.14966838635586 46.22831017830747
-71.33005649192957 46.52576220485013
-71.55936496159092 46.80482897290812
-72.9350336923188 46.514699849122536
-71.07646362005616 46.31925811281898
-72.61871336845586 46.36230634199197
-71.22714651869238 46.82264225004474
-72.80023644883421 46.45196833299095
-73.8029260079415 45.51260846253327
-71.26107270200333 46.8173103146626
-70.65992940671447 46.11289868024741
-71.26350809108361 46.448667892121556
-71.06354388989286 46.51377930822899
-71.30281118818529 46.44344991118273
-71.5604566845213 46.455939345856436
-71.6186751880294 46.43381350258545
-72.77056462497389 46.54479435779631
-70.96630689840218 46.62705434220107
-71.9161699435258 46.359769765240515
-72.73601557083427 46.580061359584626
-71.11117581972353 46.56826557259063
-73.81699760503622 45.51348435800336
-72.56180049551189 46.38083064470442
-71.97672977764422 46.362963216638626
-73.84755485956805 45.50536565939812
-71.92319883991065 46.31324717276815
-73.81062204293356 45.507502593246265
-72.75772111788511 46.58346039099584
-72.83122869361216 46.505963415779846
-71.58720527210647 46.35893704185749
-71.04132540823015 46.59021800391867
-72.56427047999901 46.36950794888691
-72.57152734775477 46.37925636569655
-73.834356615387 45.49645473492045
-73.87684191972919 45.4652342288521
-73.80035801148537 45.47502143690018
-73.84304700560926 45.5069423041701
-73.81727347078042 45.50127838788615
-73.59185235416695 45.49518740253009
-73.62481767983489 45.57978657071125
-73.62456061547823 45.61025693588629
